
lead97
$coords
           X       Y
 [1,] 563905 4725575
 [2,] 573808 4719010
 [3,] 592966 4697028
 [4,] 586754 4666964
 [5,] 560248 4674460
 [6,] 520665 4663130
 [7,] 523050 4692006
 [8,] 557489 4708861
 [9,] 540951 4727622
[10,] 508186 4730837
[11,] 485321 4757499
[12,] 526027 4775301
[13,] 517911 4768611
[14,] 571015 4751187
[15,] 631777 4817632
[16,] 645953 4797924
[17,] 636446 4786615
[18,] 611486 4772830
[19,] 599279 4772641
[20,] 624405 4778608
[21,] 656244 4773708
[22,] 663757 4731661
[23,] 626992 4726444
[24,] 625675 4708648
[25,] 646769 4682399
[26,] 658513 4673766
[27,] 598411 4719315
[28,] 592864 4824758
[29,] 600889 4828206
[30,] 584634 4836867
[31,] 602621 4820456
[32,] 606612 4811647
[33,] 606750 4814966
[34,] 609086 4820558
[35,] 611786 4803939
[36,] 623046 4808578
[37,] 621567 4800755
[38,] 615272 4789556
[39,] 602842 4806018
[40,] 607066 4794976
[41,] 599734 4797085
[42,] 601438 4791557
[43,] 595102 4780357
[44,] 591730 4789197
[45,] 582692 4797967
[46,] 581270 4781289
[47,] 573083 4786749
[48,] 582597 4805740
[49,] 572880 4805628
[50,] 567289 4797796
[51,] 578548 4805692
[52,] 576891 4809005
[53,] 579162 4822361
[54,] 576827 4814558
[55,] 587312 4816907
[56,] 556824 4788815
[57,] 548730 4785420
[58,] 543073 4780940
[59,] 547252 4764309
[60,] 566652 4780019
[61,] 542329 4769829
[62,] 554584 4764364
[63,] 552834 4779898

$data
 [1] 3.384 8.798 6.019 4.132 6.233 5.877 9.510 8.619 6.554 5.165 8.050 7.515
[13] 6.340 3.063 5.378 2.956 5.449 7.800 3.384 6.554 7.124 4.523 4.274 3.633
[25] 2.173 3.134 4.844 3.633 2.208 2.386 2.173 5.592 2.921 2.778 1.710 2.849
[37] 6.696 3.704 1.816 3.000 3.491 2.636 2.778 1.674 4.400 3.526 4.203 6.400
[49] 3.989 8.869 8.691 7.836 3.348 3.918 1.995 8.156 8.726 3.775 2.707 5.058
[61] 1.816 3.384 3.847

attr(,"class")
[1] "geodata"


lead00
$coords
            X       Y
  [1,] 605370 4840339
  [2,] 619851 4840170
  [3,] 574784 4825394
  [4,] 589356 4825236
  [5,] 605943 4824406
  [6,] 620199 4824575
  [7,] 635504 4824874
  [8,] 650079 4822774
  [9,] 575644 4810384
 [10,] 589637 4810469
 [11,] 605242 4811759
 [12,] 620054 4809832
 [13,] 634623 4809872
 [14,] 650416 4810019
 [15,] 515011 4794561
 [16,] 530490 4795099
 [17,] 545329 4795116
 [18,] 559918 4795322
 [19,] 574481 4795036
 [20,] 590717 4795632
 [21,] 604990 4795647
 [22,] 620629 4795352
 [23,] 635237 4795254
 [24,] 649066 4796168
 [25,] 664394 4795715
 [26,] 500540 4779879
 [27,] 515933 4779878
 [28,] 530219 4780463
 [29,] 545478 4780668
 [30,] 560499 4779817
 [31,] 575760 4780267
 [32,] 589724 4780031
 [33,] 605719 4779602
 [34,] 619997 4780076
 [35,] 634756 4780657
 [36,] 648935 4780248
 [37,] 665883 4779888
 [38,] 485106 4764258
 [39,] 499738 4764283
 [40,] 514941 4763821
 [41,] 528895 4765422
 [42,] 545773 4765259
 [43,] 560304 4764675
 [44,] 575286 4764272
 [45,] 604838 4765264
 [46,] 620036 4764670
 [47,] 635173 4764988
 [48,] 649105 4763764
 [49,] 666644 4763563
 [50,] 499963 4750173
 [51,] 530073 4748961
 [52,] 544907 4750800
 [53,] 559768 4750038
 [54,] 574954 4749837
 [55,] 589725 4749900
 [56,] 604692 4749280
 [57,] 619991 4750253
 [58,] 634971 4749982
 [59,] 650290 4750014
 [60,] 663963 4750491
 [61,] 679446 4750584
 [62,] 514768 4735131
 [63,] 560092 4735215
 [64,] 574807 4735376
 [65,] 589935 4735031
 [66,] 605200 4734985
 [67,] 620441 4735131
 [68,] 634461 4735268
 [69,] 649667 4734372
 [70,] 665706 4735449
 [71,] 500254 4719942
 [72,] 530278 4719569
 [73,] 545240 4720437
 [74,] 559978 4720271
 [75,] 574692 4719743
 [76,] 588610 4720359
 [77,] 604925 4719858
 [78,] 620061 4720103
 [79,] 633458 4721976
 [80,] 649472 4720156
 [81,] 664857 4720288
 [82,] 529940 4705156
 [83,] 544695 4704987
 [84,] 560026 4705304
 [85,] 574566 4705081
 [86,] 590291 4704985
 [87,] 602839 4706071
 [88,] 620052 4704564
 [89,] 635524 4705277
 [90,] 649834 4704772
 [91,] 668345 4705375
 [92,] 680488 4706766
 [93,] 530284 4689857
 [94,] 545172 4690069
 [95,] 560224 4689874
 [96,] 575109 4690174
 [97,] 590063 4690200
 [98,] 604783 4690015
 [99,] 620145 4689978
[100,] 634325 4690087
[101,] 650050 4689879
[102,] 666160 4689524
[103,] 691243 4698574
[104,] 544684 4675184
[105,] 560457 4674955
[106,] 605421 4674412
[107,] 618554 4675127
[108,] 635543 4676715
[109,] 651133 4676285
[110,] 664719 4675052
[111,] 677681 4675972
[112,] 514765 4660239
[113,] 544723 4659834
[114,] 559246 4660281
[115,] 576241 4662052
[116,] 590242 4660059
[117,] 621309 4660783
[118,] 650620 4660451
[119,] 664894 4659688
[120,] 514654 4645081
[121,] 529879 4645878
[122,] 545695 4645878
[123,] 590229 4644870
[124,] 605083 4645230
[125,] 619783 4645525
[126,] 635890 4644637
[127,] 665188 4645224
[128,] 558758 4631279
[129,] 620282 4631768
[130,] 633882 4630500
[131,] 666725 4630899
[132,] 569451 4617348

$data
  [1] 1.900000 2.700000 4.700000 2.800000 2.600000 4.600000 3.100000 1.900000
  [9] 2.900000 2.800000 2.700000 2.500000 1.800000 2.300000 2.100000 1.700000
 [17] 4.600000 3.700000 1.800000 2.300000 1.700000 1.600000 2.500000 1.900000
 [25] 1.700000 1.400000 2.000000 1.700000 2.100000 2.900000 2.900000 7.700000
 [33] 1.500000 1.100000 1.300000 2.000000 2.400000 3.000000 1.700000 2.000000
 [41] 1.200000 1.700000 1.700000 1.900000 1.300000 1.700000 1.900000 2.100000
 [49] 1.700000 2.100000 1.600000 1.700000 1.400000 1.600000 1.400000 1.400000
 [57] 1.800000 1.900000 1.300000 1.200000 1.400000 3.600000 1.400000 1.200000
 [65] 1.100000 1.000000 2.100000 1.300000 1.700000 1.000000 2.300000 2.800000
 [73] 8.700000 3.500000 1.200000 1.000000 0.900000 1.100000 1.500000 1.800000
 [81] 1.300000 3.600000 4.800000 1.000000 1.500000 3.100000 1.300000 1.200000
 [89] 1.200000 1.900000 1.800000 1.100000 6.000000 2.500000 1.600000 1.500000
 [97] 2.600000 3.200000 1.200000 1.300000 1.936812 2.500000 1.300000 3.000000
[105] 2.400000 1.600000 1.900000 1.300000 1.500000 1.936812 3.000000 3.200000
[113] 2.800000 1.700000 1.400000 1.300000 1.700000 1.700000 1.500000 2.700000
[121] 2.900000 2.900000 0.800000 1.400000 2.100000 2.300000 1.600000 2.900000
[129] 1.200000 1.600000 1.700000 4.500000

attr(,"class")
[1] "geodata"
